746
191
20
540
277
777
28
702
53
89
56
302
75
147
423
404
182
194
45
96
169
416
148
46
203
92
357
44
199
123
701
762
17
754
581
97
662
361
637
284
195
91
415
126
234
133
542
64
205
27
98
545
497
514
141
376
504
374
420
257
693
358
690
1
680
322
705
719
745
707
706
760
767
67
174
202
87
12
38
422
40
86
691
587
150
178
30
434
654
185
172
109
47
733
445
135
519
394
58
55
217
688
245
328
642
15
332
166
81
656
37
157
175
66
678
572
740
734
73
143
8
488
421
451
80
493
10
137
52
198
187
122
667
111
744
5
120
69
285
560
505
620
13
377
176
105
651
168
145
68
671
437
119
683
742
54
681
673
262
312
522
607
290
703
65
764
293
619
769
442
23
88
39
616
739
432
72
639
121
235
435
42
93
598
173
732
11
771
84
426
193
201
186
99
76
489
31
324
29
755
